9026,0.3001514428
360,0.0224462845167
5014,0.0111794013376
367,0.00314514878402
225,0.00308652227162
1201,0.00299765801609
95,0.00295646541781
591,0.00293359375622
278,0.00292325545279
485,0.00291342343669
1452,0.00290872793644
335,0.00288918214349
655,0.00287895252981
248,0.00287448335464
1669,0.00287052746909
206,0.00286799503468
2704,0.00286133186808
508,0.00285942767095
45,0.00284345689337
3625,0.0028116815868
26230,0.00281071737779
813,0.00280147182032
9028,0.00279583974388
4458,0.00279284295411
9027,0.00278763351108
5741,0.00278211326493
9029,0.00277800695125
6323,0.00277613495633
2043,0.00277545194201
123,0.000475573400365
144,0.000313654523399
303,0.000301480179633
182,0.000300226853615
464,0.000277691306279
179,0.000249999730327
16578,0.0002225549249
277,0.000220554108633
164,0.000218965833194
233,0.000215399160195
274,0.000207671739464
1800,0.000198665175162
316,0.000191561055698
361,0.000183480248953
111,0.00018007158934
342,0.000177991040192
143,0.000162153752743
5590,0.000162125044107
4709,0.000161317507897
7937,0.000159474498386
55,0.000153757237724
268,0.000150196337916
163,0.000148632810326
94,0.000147537130111
640,0.000141249548064
197,0.000139189616857
79,0.000133394051431
366,0.000133227055993
716,0.000128446828864
550,0.000126902981416
40,0.000124625434918
48,0.000124591809894
809,0.000124093452416
336,0.000121465760038
1549,0.000119626652563
2674,0.000118957119021
445,0.000118698286778
10,0.000116259367638
5908,0.000114341739109
570,0.000112832194511
4362,0.000111806883929
1254,0.00010944057555
107,0.000104449608337
462,0.000103891855734
9153,0.000103359172266
201,0.00010285486649
2876,0.000102852992596
3697,0.000101520849545
308,0.000101177267724
511,0.000100134994369
288,9.9723507323e-05
578,9.89421720326e-05
421,9.81119226685e-05
1296,9.78215052534e-05
285,9.74008221463e-05
4944,9.6464150939e-05
276,9.60187980696e-05
1563,9.59959613607e-05
1284,9.36344992095e-05
217,9.35080575538e-05
1601,9.2872042005e-05
1648,9.19423872655e-05
3660,8.78370228383e-05
238,8.6710018995e-05
537,8.62744078468e-05
506,8.51767373459e-05
12918,8.5119618453e-05
6406,8.50832247035e-05
343,8.45228984947e-05
660,8.40633704649e-05
684,8.38856784518e-05
370,8.36239438835e-05
1530,8.35768231231e-05
480,8.32296517166e-05
333,8.30880327446e-05
887,8.28471645766e-05
192,8.07257615489e-05
41,8.06180354137e-05
371,8.05117288124e-05
348,8.00817338873e-05
617,7.95784888488e-05
295,7.90300867305e-05
3329,7.87335097902e-05
1456,7.8122987658e-05
5071,7.72685112207e-05
118,7.57378722059e-05
4371,7.53974076426e-05
483,7.53839166093e-05
6,7.52001771129e-05
461,7.49970300722e-05
990,7.47184011344e-05
704,7.39143543952e-05
341,7.33263238146e-05
359,7.30723117285e-05
1114,7.27761688958e-05
1621,7.27186424159e-05
109,7.21147632681e-05
634,7.13597438692e-05
3963,7.13100762856e-05
5038,7.03692557562e-05
5330,7.01174099177e-05
1624,6.99281987338e-05
947,6.9454279437e-05
169,6.92151265167e-05
247,6.92080786605e-05
7461,6.91362561474e-05
1857,6.86975270667e-05
1435,6.79142381565e-05
478,6.78380556009e-05
3079,6.78107410341e-05
350,6.77579129674e-05
1638,6.69728411615e-05
3795,6.69106094073e-05
14329,6.68010636515e-05
6740,6.63275620103e-05
712,6.62589711996e-05
310,6.59143875987e-05
1032,6.51082474847e-05
1702,6.48607729489e-05
762,6.4676572367e-05
7314,6.4404959659e-05
950,6.42636326896e-05
27446,6.39229071014e-05
262,6.32447040622e-05
1789,6.28009022318e-05
714,6.27801354388e-05
6589,6.25114216045e-05
1099,6.22910232182e-05
2869,6.16292737384e-05
5127,6.15918513183e-05
879,6.13630101751e-05
1419,6.10366147411e-05
4602,6.05070249545e-05
358,6.02021738096e-05
75,5.93367926208e-05
1443,5.9199601561e-05
1190,5.90159173508e-05
4012,5.89458526646e-05
1815,5.8934296498e-05
96,5.88766819082e-05
3069,5.86035492496e-05
4650,5.81925979807e-05
4936,5.80257993404e-05
670,5.79898111452e-05
386,5.77989132906e-05
85,5.775408213e-05
812,5.73790182459e-05
68,5.73786194756e-05
2146,5.73424963709e-05
1432,5.71746504161e-05
5197,5.65813553187e-05
14344,5.65190504408e-05
465,5.62024366018e-05
4335,5.59561572639e-05
2177,5.58117090518e-05
349,5.56918914473e-05
14346,5.53926926028e-05
7229,5.53818788249e-05
986,5.52701442296e-05
1499,5.49923678098e-05
188,5.48788277521e-05
126,5.46086893522e-05
7,5.45655928634e-05
14345,5.41411275335e-05
2973,5.40708919273e-05
19774,5.36031086287e-05
11011,5.36023153795e-05
12840,5.35439908197e-05
10579,5.32467819301e-05
142,5.32407997809e-05
80,5.31501778087e-05
1148,5.31454166169e-05
153,5.31074638644e-05
407,5.28920857979e-05
202,5.27735594463e-05
74,5.23114412878e-05
383,5.22259357429e-05
265,5.20785203335e-05
633,5.13846974412e-05
1347,5.1282546611e-05
2338,5.09863614737e-05
252,5.00942016581e-05
2805,5.00843476897e-05
1409,5.00443768378e-05
307,4.94400498346e-05
1011,4.92999561253e-05
966,4.90438126872e-05
1514,4.88690760578e-05
444,4.87975961722e-05
3080,4.86136301516e-05
588,4.84305012597e-05
8306,4.80618519234e-05
783,4.80005403023e-05
654,4.77398331055e-05
2821,4.71866790691e-05
3461,4.7119705413e-05
2661,4.70435080437e-05
1404,4.6929963961e-05
1565,4.63902132203e-05
1055,4.63240904282e-05
1193,4.61875347441e-05
1258,4.61009580067e-05
1575,4.60110732857e-05
1714,4.59259657473e-05
1528,4.57089111817e-05
457,4.5548698804e-05
1731,4.54127216609e-05
11922,4.52990569942e-05
1712,4.52689262368e-05
219,4.5161295081e-05
183,4.51559702513e-05
849,4.48458133947e-05
777,4.474825551e-05
1503,4.47391394417e-05
722,4.46805641535e-05
2992,4.46632450614e-05
2910,4.45885517258e-05
2273,4.45613484334e-05
1308,4.43197495373e-05
1650,4.39270851402e-05
1835,4.39172488935e-05
1529,4.37894358493e-05
120,4.36955996253e-05
603,4.36467999441e-05
715,4.36450657839e-05
2154,4.34900843801e-05
728,4.32440432132e-05
418,4.28139106564e-05
2269,4.26458217253e-05
140,4.18810807987e-05
2292,4.16206940756e-05
4820,4.16065143842e-05
448,4.16049689605e-05
387,4.15652842491e-05
639,4.1416960726e-05
2233,4.13797541444e-05
2359,4.12401551418e-05
413,4.1167192548e-05
1819,4.10421679072e-05
378,4.07378254676e-05
1422,4.07144311347e-05
3958,4.04309943306e-05
1123,4.02765665786e-05
1750,4.00769587298e-05
1784,4.00253621826e-05
3148,3.99348251019e-05
1266,3.97925043588e-05
1531,3.93679318022e-05
438,3.92651047631e-05
9,3.92472981989e-05
526,3.90020365691e-05
1325,3.89517876324e-05
1263,3.89123565735e-05
205,3.88970410038e-05
1730,3.88682355622e-05
484,3.88227081551e-05
131,3.8506289365e-05
317,3.84914962e-05
1604,3.84396158788e-05
204,3.81963793441e-05
8037,3.78675629863e-05
1696,3.78515943686e-05
3920,3.78404080128e-05
466,3.77940506663e-05
1141,3.77559247659e-05
3086,3.76706507861e-05
25652,3.76607171438e-05
3706,3.75125829062e-05
3908,3.73739453961e-05
4518,3.7347756453e-05
1158,3.7135353411e-05
4296,3.70364696722e-05
1225,3.68290348086e-05
18914,3.6605369926e-05
710,3.65458090694e-05
2215,3.64962549157e-05
1475,3.64497531241e-05
2241,3.63113330978e-05
385,3.62995178658e-05
718,3.59402347849e-05
6966,3.58899786722e-05
891,3.57670114059e-05
1399,3.56476889215e-05
613,3.56176232176e-05
4005,3.5457751524e-05
1340,3.53915943997e-05
105,3.53354180389e-05
331,3.53216393158e-05
7100,3.51917429455e-05
635,3.51821221726e-05
1739,3.51708822662e-05
2816,3.50473789922e-05
2764,3.49875065238e-05
1259,3.48010716578e-05
8986,3.47369348359e-05
1179,3.47335119025e-05
2600,3.44572772445e-05
1814,3.43123753982e-05
93,3.42777508005e-05
611,3.42042492228e-05
693,3.41070070154e-05
4483,3.39264636163e-05
1424,3.39112522007e-05
24323,3.38199161622e-05
1025,3.37950584895e-05
1441,3.37190062754e-05
1633,3.37097833463e-05
4603,3.35649576719e-05
157,3.3490840797e-05
2031,3.31901265096e-05
1713,3.29537257122e-05
282,3.2945195493e-05
1832,3.28892065211e-05
3533,3.28751890891e-05
951,3.24988898877e-05
12113,3.24174928788e-05
329,3.22412636286e-05
2566,3.22221293874e-05
3365,3.21855190915e-05
1584,3.21811595782e-05
271,3.21103151557e-05
2228,3.19979383108e-05
1052,3.19018710614e-05
514,3.16860321111e-05
1825,3.16514053986e-05
298,3.15726664981e-05
1764,3.15330110961e-05
2759,3.14402011392e-05
1863,3.14227372761e-05
10356,3.13110544229e-05
856,3.12783561802e-05
185,3.12529450102e-05
2562,3.109940166e-05
181,3.10684646624e-05
1701,3.1066822731e-05
1612,3.10277189673e-05
2933,3.09116073129e-05
1607,3.07318025611e-05
1864,3.0716399555e-05
6034,3.0585788592e-05
9728,3.05264334194e-05
302,3.05146683287e-05
1808,3.04929508027e-05
967,3.04635868947e-05
5118,3.04059773887e-05
7393,3.03485144527e-05
3311,3.03334339627e-05
980,3.02480695694e-05
2542,3.0149742046e-05
2637,3.00397280041e-05
3550,3.002447661e-05
207,2.99849865239e-05
1810,2.99606781642e-05
236,2.98627293859e-05
4617,2.97010908161e-05
4629,2.96893068443e-05
1389,2.95821313719e-05
1652,2.95294300367e-05
1021,2.95221938528e-05
38,2.93740189352e-05
1174,2.9360581528e-05
2885,2.93254018838e-05
2494,2.92761750446e-05
6761,2.92592440978e-05
4319,2.92472342246e-05
683,2.92374411975e-05
6363,2.92159296482e-05
6385,2.92128771135e-05
3207,2.92095801304e-05
3066,2.91715662971e-05
517,2.8999536839e-05
1398,2.89576033632e-05
2900,2.89354213384e-05
2951,2.89262660228e-05
832,2.89100012482e-05
22194,2.86823057479e-05
489,2.85043233127e-05
1273,2.8464953834e-05
2740,2.84640461306e-05
1729,2.84618926631e-05
12932,2.8389074115e-05
2675,2.83882755858e-05
589,2.83863870839e-05
312,2.82894512651e-05
3241,2.82544283778e-05
11324,2.81312142701e-05
5796,2.81148166214e-05
819,2.80821142161e-05
472,2.80033279539e-05
4723,2.79040819663e-05
695,2.78412651367e-05
1277,2.76908835915e-05
1192,2.76906891397e-05
5581,2.76633671945e-05
672,2.75984813038e-05
1622,2.74773218043e-05
1483,2.73962143176e-05
507,2.7295886127e-05
8770,2.7162782255e-05
2510,2.69680427475e-05
6640,2.69596949009e-05
2767,2.69353548581e-05
4446,2.69321483691e-05
3087,2.6904387776e-05
281,2.68735344943e-05
196,2.68588376294e-05
3081,2.68054383394e-05
6632,2.67741786879e-05
1338,2.66896451799e-05
10999,2.66322639987e-05
4131,2.65927321547e-05
2858,2.64271016341e-05
1,2.63523397184e-05
199,2.63230039403e-05
876,2.63022060206e-05
948,2.62948879055e-05
1411,2.61467275936e-05
132,2.60196042631e-05
2532,2.59446723608e-05
9010,2.59373597577e-05
186,2.56867636559e-05
3737,2.56517069258e-05
1077,2.56067888503e-05
2131,2.56015074563e-05
293,2.55816344071e-05
1640,2.55686701137e-05
245,2.54799225537e-05
9305,2.54274267047e-05
300,2.53583029072e-05
624,2.53304988229e-05
1355,2.53222701667e-05
5874,2.52748651759e-05
3,2.51332587486e-05
3285,2.50958002502e-05
5150,2.50759857502e-05
3243,2.50410222959e-05
3048,2.50228264691e-05
1488,2.49578180425e-05
1498,2.49336090547e-05
1548,2.48742857703e-05
3357,2.48630734314e-05
817,2.48165901807e-05
770,2.48091994105e-05
2873,2.47703801893e-05
623,2.47668544259e-05
629,2.47570422837e-05
13721,2.47322549444e-05
3725,2.4595179694e-05
572,2.443356158e-05
6207,2.4338598883e-05
2082,2.43335208724e-05
2380,2.4325535627e-05
375,2.43092387478e-05
9268,2.42809345414e-05
218,2.41568603683e-05
1510,2.41550418996e-05
4304,2.41465950585e-05
2022,2.40946373349e-05
3039,2.40490349602e-05
677,2.40290747533e-05
4838,2.40215764754e-05
555,2.38560632104e-05
3496,2.38379690986e-05
520,2.38103846757e-05
1918,2.37435856357e-05
5862,2.37230047969e-05
3078,2.36866392549e-05
2472,2.36625562451e-05
441,2.36349117448e-05
4358,2.35592224262e-05
752,2.35524857789e-05
743,2.35137546738e-05
1649,2.34703104579e-05
122,2.34683782657e-05
289,2.33956350429e-05
4544,2.33930988758e-05
1232,2.33787928373e-05
2578,2.33374407287e-05
1460,2.33241227363e-05
213,2.3289241084e-05
125,2.32748211212e-05
2700,2.31939228327e-05
963,2.3184639135e-05
3477,2.3183537011e-05
3556,2.31116818957e-05
6087,2.31002504571e-05
15622,2.30746116809e-05
1796,2.30539921088e-05
567,2.29774953932e-05
2874,2.29763261787e-05
641,2.29499248103e-05
2741,2.28755491868e-05
2248,2.27429839381e-05
133,2.27401701045e-05
1378,2.27376376264e-05
2303,2.27197656454e-05
3549,2.2641755187e-05
382,2.26396307305e-05
8300,2.26391465538e-05
7307,2.25674729865e-05
2980,2.24922769822e-05
5706,2.24677571113e-05
4451,2.24639855491e-05
1417,2.24322951494e-05
1346,2.23875666104e-05
2346,2.23357208834e-05
476,2.22099678589e-05
2477,2.21542194584e-05
4549,2.21082222821e-05
4641,2.2099587723e-05
3860,2.20864673317e-05
9119,2.20650547521e-05
601,2.20284726581e-05
4545,2.19419584666e-05
598,2.19201721453e-05
3972,2.18935469457e-05
1079,2.18780077015e-05
569,2.1837337827e-05
189,2.18315504941e-05
1542,2.17723535874e-05
2728,2.17496600923e-05
1211,2.16520755497e-05
788,2.15599139915e-05
2028,2.15526941583e-05
2048,2.14640667258e-05
1461,2.13719675039e-05
2394,2.13129097545e-05
1745,2.12961153724e-05
627,2.11914478292e-05
313,2.11729291071e-05
2343,2.11469631451e-05
208,2.11364742027e-05
737,2.11272351481e-05
13600,2.10908615823e-05
19086,2.10883408759e-05
87,2.1079666319e-05
688,2.10781180608e-05
3522,2.1038365972e-05
3060,2.10181143288e-05
234,2.09652110154e-05
1556,2.09111238621e-05
6598,2.09090037695e-05
3176,2.08752618812e-05
1788,2.08616222993e-05
1797,2.08538024305e-05
4122,2.07968611007e-05
428,2.06894890647e-05
3257,2.06667933908e-05
4741,2.06464026828e-05
46,2.06360307282e-05
241,2.06028912381e-05
1695,2.06024694254e-05
325,2.04824812296e-05
1496,2.04771027603e-05
1920,2.04698418375e-05
7706,2.04408838564e-05
161,2.03877022564e-05
249,2.02796029415e-05
1732,2.02739331681e-05
1634,2.02019206129e-05
3101,2.01892510722e-05
1606,2.01885705578e-05
1519,2.01721508702e-05
669,2.00067538102e-05
15482,1.99932792461e-05
1831,1.99835422233e-05
797,1.98934509139e-05
2841,1.9851488011e-05
1219,1.98397610369e-05
1550,1.97908356772e-05
426,1.97900799895e-05
5832,1.96772409268e-05
10052,1.96677654894e-05
691,1.96515868202e-05
8085,1.96318804341e-05
1118,1.95990412258e-05
1623,1.95899297954e-05
149,1.95686009873e-05
2024,1.9534591309e-05
4000,1.9529822884e-05
13966,1.95056129029e-05
2145,1.9452999657e-05
583,1.94476701959e-05
6781,1.94352002698e-05
503,1.94120533526e-05
5475,1.93554179028e-05
5413,1.92296458258e-05
2712,1.92141399435e-05
7658,1.92052661811e-05
284,1.91812159812e-05
2507,1.91695199379e-05
1717,1.91490568806e-05
3626,1.90867628392e-05
373,1.90600371072e-05
1930,1.90433661537e-05
6083,1.90318915914e-05
4311,1.90279009798e-05
1755,1.89697938475e-05
5709,1.89651652889e-05
1267,1.89396925857e-05
1195,1.89351213098e-05
6425,1.8845882556e-05
3352,1.88410018711e-05
2506,1.87948761883e-05
3384,1.8781633755e-05
7064,1.87806303456e-05
3323,1.8774427904e-05
823,1.86800040031e-05
5083,1.86592667375e-05
279,1.86580109673e-05
4083,1.8641609365e-05
1480,1.86001059434e-05
2912,1.85734328322e-05
479,1.85643940889e-05
4421,1.85621369692e-05
636,1.8525114526e-05
690,1.84802166457e-05
2109,1.84315095022e-05
763,1.84129762605e-05
2594,1.841164781e-05
13484,1.84024888017e-05
953,1.840142775e-05
10806,1.83791013913e-05
280,1.83718988411e-05
2148,1.8363246766e-05
2084,1.83482224773e-05
4873,1.8318003135e-05
2443,1.8280527745e-05
6226,1.82114155539e-05
9892,1.81836057139e-05
3226,1.80898139131e-05
297,1.80841624771e-05
2527,1.80377633849e-05
2267,1.80193962124e-05
3747,1.80186875971e-05
5201,1.8014672602e-05
1679,1.8012749858e-05
2108,1.79855455204e-05
2141,1.79518821923e-05
3213,1.79395082223e-05
12812,1.79136504192e-05
8154,1.78855378155e-05
362,1.7880968102e-05
1618,1.78723226299e-05
2984,1.78706651398e-05
4722,1.78653022736e-05
1473,1.78174993084e-05
2768,1.77025814564e-05
2045,1.76185606093e-05
784,1.76091415465e-05
327,1.76061600512e-05
15853,1.75903647648e-05
10025,1.75769608968e-05
21609,1.75433531412e-05
1866,1.75411523399e-05
1080,1.75200064745e-05
2134,1.7474441961e-05
5593,1.74057053658e-05
2020,1.73886838904e-05
106,1.73812475465e-05
612,1.73686045504e-05
78,1.73606470513e-05
115,1.73131569032e-05
2139,1.73062842986e-05
2040,1.72964024347e-05
9260,1.72929409929e-05
451,1.72786202578e-05
1250,1.72184001372e-05
5707,1.71979338359e-05
1591,1.71628174569e-05
3258,1.71437357241e-05
689,1.71321845556e-05
5711,1.70929632152e-05
1733,1.70878899935e-05
5049,1.70545162127e-05
1988,1.70222238672e-05
2339,1.70015299568e-05
2866,1.69975493433e-05
27918,1.69859697693e-05
4046,1.69849957719e-05
1809,1.69836860342e-05
3603,1.69605187554e-05
2440,1.69492340425e-05
2313,1.69183538739e-05
1312,1.68976971158e-05
97,1.68777179304e-05
19097,1.68664958454e-05
62,1.68129265719e-05
558,1.6802396502e-05
3304,1.68000151124e-05
2196,1.67914969525e-05
2917,1.67508318437e-05
255,1.67404270953e-05
5596,1.67352214978e-05
787,1.67345334616e-05
4537,1.6709404008e-05
7023,1.66981004322e-05
10746,1.66902331609e-05
232,1.66395109898e-05
88,1.66361521086e-05
2413,1.6611816847e-05
1395,1.65987552261e-05
24,1.65177787396e-05
5302,1.64832824173e-05
1186,1.64490441646e-05
2979,1.64344404825e-05
1541,1.63927131633e-05
13001,1.63758306187e-05
626,1.63681047793e-05
4480,1.63552183661e-05
2512,1.63475141835e-05
10333,1.63242925466e-05
1427,1.63090969851e-05
6832,1.63088155981e-05
8052,1.62960570979e-05
2662,1.62803358169e-05
1881,1.6255368062e-05
535,1.62497118987e-05
1177,1.62407541168e-05
2867,1.62373433901e-05
4804,1.62010509954e-05
2095,1.61804975352e-05
2428,1.61386772639e-05
11733,1.61233307192e-05
2078,1.595836313e-05
3093,1.59185817109e-05
1045,1.58944331836e-05
2156,1.58489538574e-05
2496,1.58321101403e-05
5059,1.58204189892e-05
1050,1.5819011431e-05
1407,1.58051235443e-05
952,1.57892914007e-05
1966,1.57614032904e-05
222,1.57399835403e-05
1044,1.57199927372e-05
11057,1.57013014732e-05
1678,1.56707175494e-05
8547,1.56619026858e-05
4477,1.56276506668e-05
6157,1.56208868197e-05
6995,1.56028889205e-05
2960,1.55531760859e-05
3698,1.55366048401e-05
1502,1.55312989968e-05
4302,1.55237296785e-05
956,1.55124891488e-05
9813,1.55099990178e-05
18192,1.55013567529e-05
576,1.5476166116e-05
433,1.54156303019e-05
4580,1.54067461115e-05
2093,1.53954239247e-05
1453,1.53928435729e-05
2574,1.53129568184e-05
2631,1.52657630187e-05
2490,1.52378190748e-05
442,1.52063358753e-05
3667,1.5187310204e-05
2236,1.51870692455e-05
2658,1.51690889421e-05
1281,1.51383951354e-05
4972,1.51369330361e-05
1778,1.51292419965e-05
2088,1.5094788389e-05
1602,1.50836070795e-05
545,1.50807605138e-05
6692,1.50726620175e-05
2715,1.50011503829e-05
687,1.49739833777e-05
1367,1.49648593036e-05
554,1.49272426143e-05
3645,1.49208617857e-05
10510,1.49050781569e-05
661,1.48954676103e-05
854,1.48903824083e-05
347,1.48699588463e-05
3511,1.48690794958e-05
9999,1.48538343969e-05
8345,1.485220317e-05
1929,1.48481272703e-05
5948,1.48344477926e-05
1536,1.48163733781e-05
460,1.48090866257e-05
2716,1.48046784343e-05
845,1.47765646181e-05
1046,1.47602256148e-05
2726,1.47328303134e-05
5078,1.47326445869e-05
1839,1.47225764968e-05
1372,1.47135350535e-05
4574,1.47111076156e-05
273,1.46998208457e-05
853,1.46782830994e-05
15781,1.46749509799e-05
2553,1.46573094814e-05
2381,1.46365055707e-05
686,1.46259100282e-05
6265,1.46237779318e-05
1827,1.46005748547e-05
2181,1.45926322218e-05
20472,1.4591408909e-05
1248,1.45657211125e-05
5211,1.45503132562e-05
3398,1.44933063517e-05
6587,1.44047633639e-05
3498,1.43464105128e-05
19584,1.43423045166e-05
1042,1.43309655527e-05
1465,1.43104427617e-05
1945,1.42853346016e-05
3038,1.42834738692e-05
1743,1.4275229192e-05
9290,1.42649074985e-05
251,1.42531869303e-05
454,1.42525498294e-05
3508,1.42107513953e-05
6333,1.42088044998e-05
6805,1.41875494108e-05
4795,1.41871789169e-05
463,1.41745497927e-05
116,1.41474559806e-05
3677,1.41321339324e-05
4121,1.41213037636e-05
1393,1.41147398456e-05
5068,1.41061682607e-05
551,1.40890974078e-05
9784,1.40879682057e-05
2435,1.4042200583e-05
1194,1.40246180945e-05
5285,1.39762205478e-05
8615,1.39729386621e-05
1442,1.39585552732e-05
5076,1.39388548257e-05
2878,1.3932277137e-05
50,1.3893961552e-05
13071,1.38894109041e-05
436,1.38755898559e-05
2469,1.38739967718e-05
4564,1.38628402546e-05
2155,1.38501974139e-05
2178,1.37722757982e-05
2659,1.37635920491e-05
22,1.37614181315e-05
1651,1.37495870015e-05
1811,1.36716699489e-05
1282,1.36239944293e-05
1666,1.36170952657e-05
3700,1.36116004441e-05
2617,1.36089913813e-05
10342,1.35726139097e-05
509,1.35709966864e-05
942,1.35660607729e-05
2629,1.35528704366e-05
26634,1.35408899008e-05
2663,1.35387020623e-05
136,1.35013769775e-05
1576,1.34964678884e-05
5153,1.34867197208e-05
193,1.34767204528e-05
10765,1.34698006405e-05
3059,1.34687280327e-05
1763,1.34660567837e-05
2549,1.34460422433e-05
4649,1.34259237802e-05
2019,1.34065591251e-05
5517,1.34021967602e-05
2830,1.33893692081e-05
1952,1.3343340425e-05
10563,1.33420322754e-05
2953,1.32982270732e-05
2265,1.32805256137e-05
2151,1.32740609262e-05
587,1.32651567701e-05
2115,1.3244451414e-05
1806,1.32386398175e-05
26671,1.31969118651e-05
429,1.31925641246e-05
1454,1.31754841755e-05
1785,1.31656747261e-05
3801,1.31649107e-05
5727,1.31625445166e-05
4992,1.31339845938e-05
5337,1.31334641257e-05
1654,1.31193670032e-05
760,1.31114857818e-05
1070,1.31058385366e-05
150,1.30799049479e-05
7502,1.3055693763e-05
3085,1.3024914039e-05
2345,1.30129472187e-05
3164,1.30075372748e-05
981,1.30061164596e-05
1241,1.30045803617e-05
2091,1.29995793334e-05
1444,1.29963786319e-05
3104,1.2974140556e-05
4344,1.29571682916e-05
3133,1.29566601097e-05
5209,1.29445333754e-05
1941,1.29251920415e-05
1627,1.29058172494e-05
1793,1.2892728289e-05
2603,1.28831949441e-05
4643,1.28794906743e-05
5026,1.28324669535e-05
3969,1.28102948695e-05
1018,1.28038479529e-05
294,1.27923542268e-05
11577,1.27606638075e-05
1940,1.27578654017e-05
3389,1.27575795686e-05
4463,1.27502284351e-05
495,1.27438683275e-05
713,1.27397517276e-05
898,1.27241081804e-05
2670,1.26679986723e-05
6925,1.26658975678e-05
22135,1.26075512778e-05
4729,1.25917714735e-05
2641,1.25879087695e-05
1203,1.2576935708e-05
8760,1.25113548755e-05
842,1.24997076992e-05
814,1.24917530266e-05
19520,1.24898269101e-05
3694,1.24868901315e-05
3729,1.2484131384e-05
3745,1.2473852906e-05
731,1.24683971429e-05
66,1.2447994432e-05
5012,1.24444052022e-05
900,1.23993323627e-05
424,1.23971231789e-05
1462,1.23644219706e-05
4614,1.23534842949e-05
1301,1.23512856847e-05
1412,1.23423531321e-05
64,1.23420071629e-05
1320,1.23276347882e-05
525,1.229437154e-05
440,1.22502132582e-05
9898,1.2233171147e-05
1260,1.22201240877e-05
585,1.22177873626e-05
1170,1.22140917376e-05
1760,1.22122516082e-05
6535,1.22060460602e-05
1343,1.2190579677e-05
20087,1.21842595768e-05
24475,1.21839264718e-05
13767,1.21796647933e-05
1332,1.2179608346e-05
1791,1.21757461771e-05
4453,1.21680584557e-05
4283,1.2083167101e-05
1600,1.20699221175e-05
1609,1.20605855119e-05
4980,1.20465396583e-05
2021,1.20463266187e-05
1270,1.2038453018e-05
512,1.20299680761e-05
9066,1.19574534605e-05
5511,1.19222264877e-05
12453,1.19158058581e-05
1209,1.19095673974e-05
4523,1.18887963142e-05
7487,1.18771414524e-05
209,1.18680160972e-05
2626,1.18645152598e-05
3922,1.18462837574e-05
793,1.18290459434e-05
4014,1.18274142009e-05
21325,1.18253285524e-05
1535,1.18136787547e-05
339,1.18134624264e-05
1699,1.18114989599e-05
2736,1.18035020704e-05
26,1.17939294428e-05
1377,1.17879001714e-05
2563,1.17821901622e-05
10316,1.1775690089e-05
1500,1.17533207329e-05
657,1.17516257852e-05
2654,1.17429049825e-05
5534,1.17422367374e-05
3036,1.17289128642e-05
21080,1.16973383309e-05
1290,1.16808097947e-05
7782,1.16731759178e-05
2971,1.16481065201e-05
2030,1.16379835223e-05
1414,1.16360066429e-05
11534,1.16343674268e-05
5548,1.16139394774e-05
10374,1.15941521423e-05
681,1.15866699907e-05
223,1.15735155507e-05
2183,1.15702262561e-05
3971,1.15673026105e-05
3890,1.15517191969e-05
3749,1.15262011883e-05
7521,1.15110425409e-05
729,1.1505006214e-05
2528,1.14978650348e-05
2514,1.14754690912e-05
622,1.14647135843e-05
2564,1.14384526275e-05
9117,1.14327782125e-05
2270,1.14214631985e-05
2041,1.14186147016e-05
10193,1.13902115653e-05
6967,1.1355717263e-05
5761,1.13525569543e-05
821,1.1346627801e-05
3468,1.13331962284e-05
5010,1.13318540304e-05
5661,1.13236102037e-05
2559,1.13162897225e-05
1689,1.12910321915e-05
2535,1.12727181142e-05
17244,1.12703232282e-05
7092,1.12553667198e-05
2329,1.12468563581e-05
2390,1.12459603268e-05
10823,1.12456909241e-05
6946,1.12316462676e-05
15704,1.12123049575e-05
1534,1.12075454605e-05
3246,1.11950373663e-05
3140,1.11597145344e-05
3661,1.11594443477e-05
973,1.115186983e-05
395,1.11369416806e-05
3512,1.11347332817e-05
1313,1.11335191903e-05
5445,1.11239562365e-05
9146,1.10924021248e-05
8435,1.10436722944e-05
1583,1.10400052823e-05
12360,1.10282936679e-05
3514,1.09973506731e-05
8163,1.09912006391e-05
2358,1.09873360707e-05
2415,1.09803550141e-05
11349,1.09791793465e-05
3493,1.09562434354e-05
7470,1.09292824795e-05
6762,1.09285634493e-05
2598,1.0926373977e-05
1538,1.09193843031e-05
949,1.09084967499e-05
2071,1.09063181476e-05
2829,1.08734197158e-05
1113,1.08651733986e-05
3212,1.08549054523e-05
21,1.08548211699e-05
1493,1.08541977035e-05
172,1.08515513198e-05
18205,1.08382352082e-05
2837,1.07937519962e-05
42,1.07786432762e-05
3013,1.07699222934e-05
5193,1.07226581662e-05
698,1.07197729469e-05
3728,1.0717038495e-05
1968,1.07168247178e-05
1131,1.07107487521e-05
552,1.07091500264e-05
4868,1.07060036678e-05
3767,1.06765975353e-05
1182,1.06671442994e-05
5838,1.06544002777e-05
14505,1.06446392588e-05
4298,1.06423549805e-05
372,1.06368990724e-05
4218,1.0618978258e-05
1540,1.06057268115e-05
5258,1.05996397494e-05
25059,1.05926343694e-05
9665,1.05877568795e-05
615,1.05846281912e-05
16244,1.05733343493e-05
328,1.05730588241e-05
1429,1.05729078354e-05
9236,1.05700229842e-05
1700,1.05646401207e-05
15956,1.05589118731e-05
6375,1.05543890729e-05
4720,1.05404243417e-05
653,1.05328488377e-05
121,1.05288607786e-05
934,1.05129057989e-05
3617,1.05036056716e-05
5307,1.04981884728e-05
2665,1.04936187346e-05
1472,1.04457021939e-05
707,1.04434756067e-05
2350,1.04430560968e-05
671,1.04264712996e-05
43,1.04161013084e-05
5646,1.04123776571e-05
3642,1.0410106789e-05
1804,1.04007685897e-05
5633,1.03762246339e-05
408,1.03394041197e-05
4142,1.03076004574e-05
6495,1.02673209022e-05
2184,1.026026007e-05
1768,1.025779778e-05
5999,1.02231074598e-05
1895,1.02218967146e-05
904,1.02113479112e-05
2945,1.02030817476e-05
4253,1.01996285766e-05
1620,1.01854290326e-05
6415,1.01845128398e-05
3103,1.01822310707e-05
3027,1.01712560307e-05
5998,1.01687562295e-05
1611,1.01683776903e-05
543,1.01621351531e-05
10159,1.0160178574e-05
1921,1.01548024359e-05
2191,1.01418413391e-05
6068,1.01284942187e-05
2616,1.01270291091e-05
4021,1.01261584169e-05
1792,1.01248235858e-05
1718,1.01050947426e-05
3809,1.01016130629e-05
1585,1.01014034324e-05
6835,1.00974618605e-05
5015,1.00882434294e-05
1265,1.00804677023e-05
5122,1.00278379608e-05
1288,1.00170730229e-05
4565,1.00129272716e-05
3381,1.000673794e-05
3720,1.00029656719e-05
4853,9.99031643045e-06
1993,9.97722860069e-06
8137,9.96993682503e-06
1958,9.96133088438e-06
409,9.95964190631e-06
1566,9.93725938128e-06
2080,9.93290489929e-06
9308,9.93283842587e-06
11685,9.91305702007e-06
13023,9.89541519244e-06
1698,9.89386039028e-06
4215,9.86528229749e-06
5119,9.86468242365e-06
2429,9.83704384081e-06
2784,9.8203569989e-06
19398,9.8037845009e-06
21836,9.80270021057e-06
2503,9.80055409713e-06
7083,9.79536726022e-06
860,9.78647978868e-06
5042,9.782077986e-06
8980,9.78096523377e-06
8051,9.78073069498e-06
925,9.78012190443e-06
878,9.77363740886e-06
8605,9.77276180839e-06
22826,9.76915905383e-06
3166,9.76646954533e-06
2136,9.75717432391e-06
1807,9.74398393751e-06
8860,9.73879130958e-06
4884,9.72314693439e-06
4606,9.69304120976e-06
17856,9.69259189669e-06
5767,9.69160750375e-06
2067,9.68630971101e-06
419,9.68299612679e-06
5552,9.67511111457e-06
5996,9.6665725697e-06
1856,9.66312881416e-06
962,9.65596298164e-06
148,9.65136991561e-06
3289,9.64683999739e-06
1082,9.64472241759e-06
2149,9.63758787756e-06
2590,9.62545510542e-06
7160,9.62426294774e-06
10201,9.62067794009e-06
2400,9.60830937612e-06
19388,9.59584386218e-06
1415,9.59466058507e-06
2106,9.57505014621e-06
3383,9.57483332886e-06
254,9.56967652035e-06
2710,9.56061131309e-06
1886,9.55445699502e-06
1478,9.55380397284e-06
10655,9.53102751272e-06
24862,9.52883710592e-06
7009,9.52815117135e-06
2591,9.52546840328e-06
2820,9.50111829992e-06
4529,9.49000893688e-06
4351,9.48191880499e-06
8585,9.47074721255e-06
2695,9.47002609123e-06
3814,9.43424122093e-06
1680,9.42164666564e-06
2373,9.39547570319e-06
1991,9.39113189939e-06
1752,9.37623310044e-06
13989,9.36315789205e-06
2130,9.34626051118e-06
1989,9.32846459411e-06
702,9.32732329789e-06
995,9.32382864309e-06
2285,9.31260573616e-06
4443,9.31009336682e-06
675,9.29300859591e-06
12364,9.29174168324e-06
2509,9.28651262629e-06
3233,9.28526228839e-06
9725,9.27113176366e-06
6724,9.25419009253e-06
5710,9.23778041708e-06
6809,9.22689840269e-06
7555,9.22393050683e-06
5468,9.2066544049e-06
3178,9.20515367997e-06
498,9.20146254816e-06
6193,9.19527936106e-06
4383,9.17527292316e-06
3440,9.1635818214e-06
656,9.13521512103e-06
3562,9.11772576756e-06
5205,9.11707113018e-06
727,9.11269082555e-06
2029,9.09928895003e-06
4010,9.09746031262e-06
568,9.09658623e-06
1776,9.08553757734e-06
6994,9.08154732946e-06
20367,9.08152478305e-06
8104,9.08077810318e-06
2042,9.07699019378e-06
5065,9.07270828833e-06
6059,9.04673919046e-06
2711,9.04610829176e-06
431,9.0447628991e-06
3539,9.03371547796e-06
2756,9.03153555189e-06
3318,9.02552348646e-06
1352,9.02517721525e-06
2230,9.00505959393e-06
25569,9.00259864365e-06
23060,8.98147638585e-06
2633,8.97676854753e-06
239,8.96836016294e-06
830,8.96733122658e-06
9914,8.95804836403e-06
13291,8.94657064072e-06
12340,8.93409348734e-06
3597,8.92287640218e-06
8335,8.9172146874e-06
6041,8.91547313619e-06
7150,8.90828045767e-06
5149,8.9055449468e-06
4658,8.8987244676e-06
17901,8.89474113961e-06
23842,8.89446370357e-06
6139,8.86754392028e-06
7430,8.86732623222e-06
10508,8.86491098055e-06
22689,8.85887740655e-06
1543,8.8575137813e-06
2305,8.83863321942e-06
3966,8.83797213696e-06
9471,8.82934491046e-06
2649,8.82911485834e-06
732,8.81180971635e-06
21513,8.81119208665e-06
15265,8.81035215143e-06
5034,8.80123654112e-06
1513,8.79213052654e-06
2012,8.78742860867e-06
24961,8.76717091811e-06
1980,8.76602363996e-06
1485,8.75428306492e-06
13680,8.75260172174e-06
11489,8.75176899395e-06
14454,8.74722889747e-06
7372,8.74716793909e-06
811,8.7432167312e-06
5339,8.7417192228e-06
8475,8.7397598358e-06
3789,8.73906492445e-06
17369,8.73711934367e-06
17370,8.73529609984e-06
7302,8.72235294024e-06
5154,8.71578849697e-06
2930,8.71562704581e-06
3024,8.71471203282e-06
5070,8.70566371474e-06
2895,8.70358661929e-06
1492,8.70356124936e-06
374,8.69662708928e-06
9044,8.68617460175e-06
2947,8.68543489183e-06
919,8.67845691346e-06
5013,8.66950239266e-06
253,8.66505043683e-06
9021,8.66166356177e-06
8583,8.65511074143e-06
5388,8.64722690375e-06
8330,8.64010477702e-06
1322,8.6391119718e-06
5363,8.63266536323e-06
5066,8.62819108059e-06
13064,8.62811863509e-06
21512,8.62183975752e-06
5481,8.62042649092e-06
8994,8.61447249536e-06
14287,8.61444000792e-06
4397,8.61313165673e-06
10360,8.59582562337e-06
27774,8.59005281814e-06
2124,8.58410048167e-06
674,8.57551649799e-06
2013,8.57506751115e-06
2057,8.56729940652e-06
28301,8.55787472862e-06
20066,8.55354517194e-06
12,8.55319994753e-06
12589,8.54986852634e-06
3824,8.53507982761e-06
10540,8.52887292008e-06
8830,8.51014558809e-06
10913,8.50269594984e-06
1020,8.47960750547e-06
423,8.46439258713e-06
733,8.4544389138e-06
2026,8.45435076432e-06
2455,8.44985083834e-06
13061,8.44528716917e-06
706,8.44384803874e-06
3272,8.41232536977e-06
482,8.3716039249e-06
4403,8.36666998014e-06
5295,8.34816818282e-06
2194,8.33956472108e-06
7321,8.32949481965e-06
3386,8.3164779923e-06
1339,8.31441603417e-06
3134,8.3122453618e-06
2680,8.2967065123e-06
2922,8.29560435249e-06
2357,8.28913575277e-06
3880,8.28068173964e-06
3000,8.25276673474e-06
1915,8.25190242208e-06
3023,8.23510886906e-06
577,8.22762443438e-06
5798,8.21829013362e-06
22443,8.21598020363e-06
4041,8.17138192461e-06
3288,8.16076341482e-06
1072,8.13939832864e-06
523,8.1349840932e-06
6478,8.12194910898e-06
363,8.10521426577e-06
2231,8.09864576136e-06
2668,8.08810641778e-06
1269,8.0811134079e-06
1140,8.07803474765e-06
906,8.06900366693e-06
8294,8.0669862185e-06
4927,8.06546174535e-06
3816,8.06158997565e-06
4695,8.04159753826e-06
7955,8.04081435745e-06
10568,8.039365168e-06
1060,8.03742890055e-06
2543,8.03562536676e-06
3926,8.03442554731e-06
10831,8.01468143599e-06
5494,7.99546854906e-06
1161,7.99535071318e-06
9213,7.98970523764e-06
90,7.96346632753e-06
9077,7.96302254912e-06
1102,7.95771580686e-06
1474,7.95443318108e-06
8505,7.94897803566e-06
705,7.93007715137e-06
2666,7.92928841155e-06
1919,7.9253431109e-06
2098,7.92432635628e-06
2401,7.91564303395e-06
31,7.89327661326e-06
9309,7.88876024137e-06
2466,7.88528612249e-06
8307,7.87460611511e-06
915,7.86975903163e-06
663,7.85171451941e-06
1872,7.82542837062e-06
2482,7.80346991179e-06
7167,7.80306370808e-06
26402,7.80234414003e-06
1522,7.78540442463e-06
3778,7.78352367169e-06
8206,7.7791291498e-06
3655,7.77466778639e-06
983,7.76920170668e-06
7319,7.76598398634e-06
5272,7.76530901511e-06
1672,7.76426127832e-06
9042,7.76077540121e-06
8665,7.76044198653e-06
9038,7.74867328144e-06
32,7.74719595166e-06
8999,7.74516152332e-06
13423,7.7401575231e-06
1008,7.73964196052e-06
15452,7.73059531541e-06
1298,7.72552068792e-06
1212,7.71292353503e-06
2817,7.69802873464e-06
771,7.67463284488e-06
2044,7.64832357213e-06
970,7.64009875508e-06
306,7.63623383269e-06
2602,7.63559612178e-06
11555,7.62350288056e-06
2214,7.62346578912e-06
533,7.61935844359e-06
2701,7.61422027187e-06
4760,7.61283184986e-06
903,7.60494072401e-06
5739,7.59724859925e-06
27384,7.59312397498e-06
4025,7.58852218681e-06
25782,7.58232059841e-06
2411,7.56731762264e-06
820,7.56626475019e-06
4486,7.52730180445e-06
23,7.5152508549e-06
528,7.51197323223e-06
2138,7.50876696269e-06
5274,7.50650708466e-06
4208,7.50101425846e-06
311,7.50014348915e-06
10049,7.49688415314e-06
2537,7.4818384907e-06
1403,7.47816275804e-06
7510,7.47733878961e-06
7523,7.44370219763e-06
2769,7.44293967727e-06
5588,7.43970164394e-06
1147,7.43791858875e-06
2244,7.431670572e-06
5213,7.42846274392e-06
458,7.41084266616e-06
229,7.40286336251e-06
1987,7.39978978789e-06
6216,7.39875628015e-06
216,7.3945324397e-06
3395,7.38534275049e-06
3799,7.38133310014e-06
23653,7.36928971047e-06
11084,7.35491057395e-06
1532,7.35172967498e-06
44,7.35057571758e-06
5435,7.32049250588e-06
838,7.29744588305e-06
2724,7.29545826607e-06
4141,7.29135219714e-06
10675,7.28962030656e-06
685,7.28673690747e-06
19244,7.28375628805e-06
1285,7.27035590019e-06
696,7.25476228665e-06
4006,7.2529408426e-06
2293,7.24884320188e-06
3309,7.2483710971e-06
3652,7.24283664212e-06
3458,7.22645589409e-06
9001,7.22594694475e-06
3813,7.22380590899e-06
7283,7.22357056876e-06
9033,7.22243723304e-06
16938,7.20992584925e-06
2065,7.18667466722e-06
530,7.17980186425e-06
4169,7.17384462473e-06
9586,7.1647615156e-06
3354,7.15906239856e-06
4711,7.15610866864e-06
320,7.15550778834e-06
10209,7.15529317563e-06
4279,7.15441514081e-06
7601,7.14284606546e-06
921,7.1422908731e-06
1567,7.12827747273e-06
2904,7.11311775731e-06
2592,7.10938690213e-06
828,7.10901346584e-06
4495,7.09759769664e-06
1111,7.09231185459e-06
2157,7.08847972414e-06
8797,7.08456529605e-06
1761,7.08176142813e-06
1119,7.07744715549e-06
2068,7.0737568008e-06
18204,7.0691470786e-06
21984,7.0687118106e-06
1898,7.06653073209e-06
3684,7.06308237627e-06
11999,7.04762195127e-06
13238,7.04618345728e-06
344,7.04582595056e-06
89,7.02490972809e-06
1956,7.01867959844e-06
944,7.01384593164e-06
20500,7.01145434262e-06
667,7.00797654586e-06
10599,6.98943386597e-06
12277,6.98651117778e-06
8494,6.98309787943e-06
3852,6.96560595388e-06
3028,6.92684709694e-06
1142,6.9202520756e-06
7471,6.91998354982e-06
4699,6.91749601902e-06
7539,6.90415055763e-06
4682,6.89680561611e-06
490,6.88809137216e-06
2742,6.88515195936e-06
3167,6.88257317888e-06
4783,6.88002626036e-06
1882,6.85453643032e-06
7121,6.8531866664e-06
1026,6.83914649983e-06
4009,6.83643517482e-06
5207,6.83639820417e-06
4567,6.83211985101e-06
4706,6.82977417763e-06
270,6.80875530562e-06
99,6.80413316283e-06
3714,6.80200151805e-06
9076,6.80084373133e-06
14125,6.79288616167e-06
1103,6.77933608645e-06
1762,6.77752999021e-06
4594,6.7717582075e-06
1581,6.76647538185e-06
324,6.75559149956e-06
2102,6.75455385291e-06
3244,6.75351950273e-06
2909,6.75098397257e-06
1873,6.74643479459e-06
3070,6.74259841897e-06
23401,6.7313837731e-06
2946,6.72756556185e-06
4273,6.72734464661e-06
5576,6.72038050219e-06
1926,6.7182423114e-06
5625,6.7170892458e-06
2189,6.71692592753e-06
8989,6.70030384964e-06
7090,6.69954564593e-06
6437,6.69308100197e-06
4600,6.68339744658e-06
2090,6.67019424616e-06
1520,6.6693187339e-06
4272,6.66712376536e-06
659,6.66333155487e-06
4258,6.65906596067e-06
8995,6.65774565366e-06
2958,6.63777748381e-06
3857,6.63763534884e-06
5264,6.63426748124e-06
5351,6.63371316505e-06
16731,6.62739933221e-06
8904,6.62420123091e-06
1715,6.62050874274e-06
3885,6.61569764207e-06
739,6.61198348736e-06
4024,6.59257104981e-06
1484,6.59179355308e-06
4924,6.58632357166e-06
1560,6.58301002503e-06
5223,6.5817422246e-06
2367,6.57291444249e-06
23628,6.5556370515e-06
1816,6.55253761312e-06
4573,6.54497371197e-06
26337,6.54432087021e-06
3388,6.53941218099e-06
8992,6.5363896891e-06
9097,6.53533993324e-06
2995,6.51406906257e-06
6486,6.5130972517e-06
257,6.50711639566e-06
1749,6.49716864773e-06
27201,6.49134229748e-06
3904,6.47812197086e-06
1382,6.46195241398e-06
4324,6.46018944939e-06
7904,6.45891670703e-06
4051,6.45576465941e-06
4470,6.43415717749e-06
12397,6.42940416011e-06
1903,6.42803771449e-06
4878,6.42025637304e-06
3604,6.40952072807e-06
21397,6.40404417121e-06
13795,6.39429571084e-06
19352,6.39388676239e-06
3408,6.39364814906e-06
3888,6.38869455693e-06
26858,6.37248169746e-06
2147,6.36622187387e-06
3484,6.3600296886e-06
3690,6.35647854008e-06
6444,6.3539658794e-06
2371,6.3464755156e-06
3866,6.33603387368e-06
15026,6.33412162471e-06
5973,6.3327239328e-06
6182,6.32967470336e-06
2952,6.32696379214e-06
5082,6.32004108045e-06
9351,6.31886969641e-06
3653,6.31303536906e-06
8534,6.30316769974e-06
2161,6.28999322572e-06
5669,6.28803763019e-06
1644,6.28774860632e-06
9011,6.28533178156e-06
26713,6.28285333301e-06
22174,6.28240453087e-06
368,6.2793946649e-06
1979,6.26630578194e-06
2630,6.26503513447e-06
2066,6.26440518743e-06
2309,6.26220078542e-06
1632,6.26162431847e-06
10544,6.2599391019e-06
4748,6.24378702165e-06
2513,6.22025513116e-06
137,6.216095215e-06
23296,6.21521618282e-06
17943,6.21389590476e-06
23105,6.20300447372e-06
7157,6.18133077649e-06
1315,6.17915325168e-06
6722,6.17518430748e-06
631,6.17013857033e-06
6795,6.1625397716e-06
2871,6.15967948053e-06
8042,6.15927902038e-06
2586,6.15432440846e-06
3097,6.14306776345e-06
943,6.13588135801e-06
11661,6.1342417436e-06
5704,6.12228250658e-06
26976,6.11639300801e-06
676,6.11107521576e-06
3663,6.09290248283e-06
5438,6.09092986332e-06
4591,6.08753782229e-06
536,6.08104070425e-06
23943,6.07810611952e-06
7589,6.07631866568e-06
789,6.07395212791e-06
110,6.07016694594e-06
6231,6.07008636053e-06
228,6.06812485618e-06
128,6.06348247927e-06
1708,6.05991885714e-06
124,6.05635459765e-06
3840,6.05353152899e-06
402,6.03839694455e-06
3873,6.03265612829e-06
5412,6.01802501167e-06
2251,6.01795224971e-06
6396,6.00460767985e-06
3124,5.98305347854e-06
4119,5.97167714747e-06
7544,5.97144029643e-06
4790,5.9708610537e-06
4013,5.96763632233e-06
846,5.96571867699e-06
13223,5.96056606525e-06
497,5.94800542313e-06
8543,5.94599246894e-06
1852,5.94553629548e-06
2325,5.93716041017e-06
3872,5.9330240705e-06
679,5.92869335977e-06
9311,5.92208057569e-06
9708,5.921223929e-06
7030,5.89805242219e-06
630,5.89548394588e-06
607,5.89147131889e-06
22156,5.89031051484e-06
10260,5.87943653419e-06
531,5.87915519291e-06
4784,5.87827013312e-06
20703,5.87681286729e-06
3137,5.8710152432e-06
521,5.87040318219e-06
3201,5.87006359772e-06
1164,5.86055697889e-06
5160,5.85250164769e-06
1431,5.85184278898e-06
1394,5.84089655923e-06
1198,5.83562414957e-06
4586,5.82791823022e-06
184,5.8190267854e-06
9901,5.81395809455e-06
740,5.81193208763e-06
384,5.81076626225e-06
1028,5.79488441597e-06
2575,5.79212164558e-06
4737,5.79182503841e-06
3314,5.78290498714e-06
6554,5.78235786833e-06
1019,5.77952425571e-06
4123,5.77343741338e-06
1092,5.7705477506e-06
20010,5.75954514416e-06
1033,5.75531749127e-06
2560,5.73328165841e-06
9057,5.73198859002e-06
1779,5.73000980192e-06
7277,5.72302999656e-06
9743,5.72301930647e-06
2419,5.72078123837e-06
1512,5.71789842645e-06
1257,5.71137856725e-06
4349,5.69952393206e-06
3010,5.69498631089e-06
857,5.68322196056e-06
6201,5.68141393176e-06
6708,5.67813165751e-06
4235,5.6778781341e-06
168,5.67464623396e-06
2485,5.6669492036e-06
5977,5.66119385049e-06
4702,5.65961073761e-06
3032,5.65856964704e-06
877,5.65764062145e-06
8517,5.64771235147e-06
10751,5.64739799497e-06
582,5.63890162053e-06
936,5.63608081225e-06
28208,5.63344131677e-06
4077,5.62706600231e-06
5111,5.61894597174e-06
594,5.61803560281e-06
9000,5.6075112019e-06
4030,5.59841729405e-06
9596,5.59247503258e-06
129,5.5910906231e-06
933,5.58928608645e-06
1996,5.58174938401e-06
5113,5.56847975913e-06
4681,5.55678371254e-06
1932,5.55317341438e-06
5061,5.54616418311e-06
3131,5.51148238079e-06
82,5.51100783251e-06
2416,5.50918353872e-06
6222,5.50837641952e-06
9189,5.50829766758e-06
1244,5.5062405047e-06
101,5.49613289558e-06
3761,5.49340342681e-06
1048,5.49286563419e-06
10268,5.48904805572e-06
13478,5.48255149519e-06
4356,5.48241894907e-06
781,5.47931952617e-06
2158,5.47909441442e-06
1891,5.47876692974e-06
3385,5.47839305073e-06
9054,5.47202824127e-06
154,5.47119900115e-06
18053,5.46440459986e-06
2819,5.4639693597e-06
1928,5.46245691629e-06
9585,5.45859182941e-06
5107,5.45491571846e-06
6584,5.44881233362e-06
2300,5.43619246425e-06
27252,5.43182480396e-06
3634,5.43087097176e-06
3802,5.4302406822e-06
9809,5.42463258776e-06
1564,5.42367775423e-06
27670,5.42350224311e-06
5654,5.41733439597e-06
9415,5.41497552355e-06
11758,5.41255409247e-06
5246,5.41245034627e-06
12018,5.40927109327e-06
1049,5.408567138e-06
2653,5.40427558645e-06
23376,5.40004427222e-06
4879,5.39430660893e-06
5731,5.39061523774e-06
5135,5.38528403665e-06
3313,5.38473378564e-06
1770,5.38455119522e-06
15056,5.38421002384e-06
1547,5.38241319401e-06
4348,5.37871192385e-06
24399,5.37768772559e-06
1725,5.36343720601e-06
1506,5.3593066233e-06
3106,5.35804283346e-06
19003,5.35462862584e-06
6815,5.35410062894e-06
1626,5.34464384523e-06
4384,5.33635043601e-06
5895,5.33568230185e-06
21231,5.33252593963e-06
10735,5.33167709282e-06
1850,5.32995652224e-06
4120,5.30436571947e-06
5189,5.29898280429e-06
2501,5.29766151667e-06
4665,5.29387565036e-06
6630,5.29382177879e-06
4426,5.28515788733e-06
3716,5.27961216583e-06
5957,5.27646864833e-06
7723,5.26187502364e-06
566,5.2573223085e-06
5673,5.25547640187e-06
391,5.24661979767e-06
5210,5.245325198e-06
9061,5.24046243162e-06
2721,5.23565656733e-06
6914,5.23379372381e-06
1998,5.22845197174e-06
1719,5.2266827285e-06
502,5.22614184749e-06
1309,5.22019779085e-06
1445,5.21584691132e-06
26084,5.21423576676e-06
11216,5.20350297426e-06
4733,5.20313732334e-06
6659,5.19935976217e-06
26681,5.19884399525e-06
4903,5.19722311144e-06
7704,5.19549727977e-06
2944,5.1901212894e-06
5261,5.18853586117e-06
4256,5.18790848383e-06
4758,5.18001911698e-06
7957,5.17961775437e-06
27675,5.17774761244e-06
3184,5.17399866334e-06
10983,5.17077769836e-06
27493,5.16992786676e-06
10006,5.16625629684e-06
3169,5.16052536261e-06
474,5.15656680604e-06
4315,5.14970665706e-06
969,5.14913573416e-06
3666,5.14014336658e-06
1314,5.1365434432e-06
471,5.13270778896e-06
24095,5.12633925214e-06
7568,5.12336229661e-06
725,5.11657864212e-06
8993,5.11224367197e-06
4020,5.11089125483e-06
2539,5.11006920517e-06
2074,5.10553714678e-06
1884,5.09856438608e-06
4742,5.096332431e-06
5554,5.09014705461e-06
4317,5.08697909693e-06
17404,5.0862533798e-06
11787,5.07985712893e-06
432,5.07002834865e-06
8414,5.0630475549e-06
2449,5.06027130881e-06
1381,5.05889663834e-06
2655,5.05694682089e-06
3910,5.04994679194e-06
7087,5.04735330254e-06
6037,5.03447732652e-06
14096,5.03254833049e-06
3254,5.0303074653e-06
930,5.02125193293e-06
8047,5.01727847053e-06
7206,5.0156545707e-06
7923,5.01449042131e-06
6841,5.00840209488e-06
211,5.00561552231e-06
13221,4.98998100562e-06
1630,4.98518095977e-06
3524,4.98465621278e-06
250,4.9803862354e-06
2760,4.97723413517e-06
9373,4.97705325848e-06
2713,4.96915937958e-06
2011,4.96466639087e-06
6206,4.96211268688e-06
29,4.96023051258e-06
9045,4.95761005061e-06
58,4.94505163981e-06
5631,4.94328792051e-06
14716,4.9409036962e-06
2702,4.92904848806e-06
314,4.92637672912e-06
1635,4.92594383458e-06
9443,4.9257878548e-06
3598,4.92142194677e-06
1599,4.92091941693e-06
1316,4.91138293331e-06
3611,4.90469276303e-06
5384,4.90287824952e-06
3286,4.90111204854e-06
7873,4.90058969547e-06
1387,4.89891981627e-06
3020,4.89539711283e-06
6104,4.89043085809e-06
1433,4.88784025276e-06
1769,4.88398624371e-06
1014,4.8817529607e-06
4115,4.88140252845e-06
5411,4.87841230439e-06
1226,4.87762125682e-06
10158,4.86887968699e-06
11650,4.8652063635e-06
7123,4.86022402591e-06
4857,4.85755043123e-06
782,4.85434825364e-06
9074,4.85012267839e-06
9467,4.83943576604e-06
2505,4.83855980279e-06
1012,4.83602094575e-06
4126,4.83517200013e-06
1642,4.83081636783e-06
1846,4.82473345561e-06
5433,4.82111484373e-06
4436,4.81897783485e-06
9110,4.81342056355e-06
6422,4.81190376239e-06
5277,4.80991093719e-06
1629,4.80772763691e-06
4581,4.8007049191e-06
56,4.79975559452e-06
6885,4.79528309723e-06
7571,4.79177814239e-06
173,4.78724647195e-06
2004,4.78415299091e-06
4372,4.78357815164e-06
25269,4.78295263489e-06
7080,4.77817404852e-06
9111,4.77665133118e-06
8805,4.76756781844e-06
888,4.76737470936e-06
3121,4.76486306535e-06
4943,4.76057333723e-06
6018,4.75795912221e-06
